1792 253.84
1793 262.442
1794 262.024
1795 262.101
1796 262.544
1797 262.849
1798 262.386
1799 263.173
1800 264.92
1801 263.177
1802 263.221
1803 263.54
1804 263.682
1805 263.636
1806 263.749
1807 263.504
1808 263.774
1809 264.082
1810 264.01
1811 264.231
1812 264.213
1813 264.565
1814 264.784
1815 265.184
1816 264.267
1817 264.392
1818 265.576
1819 265.245
1820 265.032
1821 265.558
1822 266.653
1823 265.79
1824 265.622
1825 274.776
1826 275.087
1827 275.097
1828 275
1829 275.529
1830 275.198
1831 276.354
1832 275.807
1833 275.848
1834 276.203
1835 276.434
1836 275.834
1837 277.465
1838 277.658
1839 276.481
1840 276.277
1841 276.704
1842 277.599
1843 278.4
1844 277.715
1845 277.977
1846 280.465
1847 277.207
1848 277.219
1849 277.292
1850 277.447
1851 279.319
1852 280.643
1853 277.859
1854 278.13
1855 278.348
1856 278.118
1857 287.334
1858 287.492
1859 287.655
1860 287.669
1861 287.907
1862 289.44
1863 288.701
1864 288.256
1865 288.701
1866 288.366
1867 288.125
1868 288.675
1869 289.875
1870 289.601
1871 288.872
1872 288.592
1873 289.332
1874 289.293
1875 288.785
1876 289.462
1877 289.64
1878 289.133
1879 289.832
1880 289.779
1881 290.71
1882 291.163
1883 291.49
1884 289.878
1885 289.893
1886 290.072
1887 290.812
1888 290.936
1889 300.937
1890 300.968
1891 300.786
1892 300.818
1893 300.577
1894 300.905
1895 300.804
1896 301.256
1897 301.891
1898 301.949
1899 302.245
1900 302.949
1901 301.374
1902 301.786
1903 302.154
1904 302.428
1905 303.407
1906 326.415
1907 302.36
1908 303.124
1909 303.065
1910 302.872
1911 302.696
1912 302.893
1913 303.48
1914 303.621
1915 303.652
1916 303.728
1917 303.579
1918 303.979
1919 303.936
1920 304.486
1921 313.788
1922 314.141
1923 314.462
1924 314.302
1925 314.033
1926 315.968
1927 314.556
1928 316.296
1929 314.97
1930 317.081
1931 315.474
1932 315.073
1933 315.252
1934 315.288
1935 316.094
1936 315.801
1937 315.465
1938 316.499
1939 317.583
1940 316.344
1941 316.262
1942 316.302
1943 316.425
1944 316.935
1945 316.733
1946 317.088
1947 316.944
1948 316.343
1949 317.528
1950 317.86
1951 317.357
1952 317.564
1953 328.137
1954 328.041
1955 327.943
1956 328.13
1957 328.672
1958 328.43
1959 328.713
1960 328.773
1961 328.251
1962 328.689
1963 329.534
1964 329.313
1965 329.516
1966 329.581
1967 330.072
1968 329.672
1969 330.211
1970 329.982
1971 330.067
1972 329.676
1973 329.791
1974 330.399
1975 330.737
1976 330.558
1977 330.616
1978 330.856
1979 330.96
1980 330.394
1981 331.547
1982 331.72
1983 331.354
1984 331.832
1985 341.933
1986 342.059
1987 343.924
1988 342.511
1989 343.72
1990 342.434
1991 342.829
1992 343.643
1993 343.439
1994 343.312
1995 344.178
1996 343.043
1997 343.503
1998 343.947
1999 347.621
2000 344.503
2001 344.436
2002 344.306
2003 345.702
2004 344.482
2005 344.862
2006 344.251
2007 345.108
2008 344.809
2009 346.03
2010 345.353
2011 345.675
2012 344.934
2013 345.151
2014 371.246
2015 346.05
2016 345.55
2017 356.48
2018 357.497
2019 357.308
2020 357.125
2021 358.703
2022 356.827
2023 358.043
2024 358.15
2025 357.644
2026 358.214
2027 358.113
2028 358.282
2029 360.047
2030 357.797
2031 358.804
2032 358.54
2033 357.946
2034 358.143
2035 359.234
2036 359.26
2037 359.605
2038 359.689
2039 358.98
2040 358.848
2041 359.938
2042 359.806
2043 359.512
2044 359.805
2045 359.606
2046 360.568
2047 360.886
2048 360.812
