1792 330.903
1793 355.441
1794 354.567
1795 355.422
1796 352.307
1797 356.369
1798 355.452
1799 358.063
1800 350.895
1801 357.793
1802 356.132
1803 358.508
1804 354.002
1805 358.817
1806 357.82
1807 359.925
1808 348.91
1809 360.227
1810 358.887
1811 359.974
1812 358.008
1813 360.524
1814 360.247
1815 361.258
1816 355.533
1817 362.254
1818 361.957
1819 361.818
1820 358.859
1821 362.93
1822 362.155
1823 364.332
1824 343.766
1825 372.212
1826 370.413
1827 371.663
1828 368.174
1829 373.002
1830 372.888
1831 373.441
1832 367.025
1833 374.567
1834 375.901
1835 374.876
1836 371.011
1837 374.798
1838 374.226
1839 377.253
1840 364.721
1841 376.832
1842 375.386
1843 377.139
1844 373.02
1845 377.37
1846 376.806
1847 378.877
1848 373.429
1849 385.187
1850 379.006
1851 380.386
1852 377.406
1853 381.482
1854 380.794
1855 382.248
1856 359.464
1857 390.834
1858 388.984
1859 390.792
1860 387.559
1861 391.493
1862 390.846
1863 392.387
1864 386.417
1865 393.08
1866 391.067
1867 392.68
1868 389.985
1869 393.564
1870 393.055
1871 395.076
1872 383.612
1873 395.397
1874 393.467
1875 396.33
1876 391.709
1877 397.232
1878 395.466
1879 397.976
1880 390.437
1881 397.363
1882 396.524
1883 397.876
1884 394.408
1885 398.859
1886 397.962
1887 400.186
1888 376.271
1889 408.017
1890 407.032
1891 408.464
1892 404.431
1893 409.601
1894 408.441
1895 410.154
1896 402.444
1897 414.614
1898 409.64
1899 411.283
1900 407.532
1901 412.169
1902 410.562
1903 412.81
1904 400.392
1905 413.501
1906 412.572
1907 414.762
1908 410.09
1909 415.085
1910 413.605
1911 415.111
1912 408.499
1913 415.24
1914 414.841
1915 417.725
1916 412.889
1917 418.452
1918 418.808
1919 423.841
1920 395.485
1921 426.797
1922 425.713
1923 427.96
1924 423.964
1925 429.049
1926 427.578
1927 429.939
1928 422.635
1929 430.25
1930 430.511
1931 431.134
1932 425.761
1933 431.294
1934 429.84
1935 435.756
1936 420.247
1937 433.125
1938 432.259
1939 433.25
1940 428.765
1941 433.783
1942 432.818
1943 434.688
1944 427.696
1945 435.187
1946 434.796
1947 436.978
1948 432.621
1949 437.018
1950 435.604
1951 437.653
1952 412.399
1953 446.589
1954 445
1955 447.31
1956 442.718
1957 447.654
1958 449.066
1959 448.719
1960 441.843
1961 448.722
1962 449.414
1963 450.989
1964 445.452
1965 449.898
1966 449.553
1967 451.443
1968 438.33
1969 452.108
1970 450.453
1971 451.917
1972 448.488
1973 454.784
1974 452.128
1975 453.517
1976 445.178
1977 454.95
1978 454.5
1979 455.338
1980 451.17
1981 457.584
1982 456.523
1983 460.974
1984 431.203
1985 467.772
1986 466.141
1987 468.798
1988 464.414
1989 468.897
1990 467.628
1991 468.95
1992 461.762
1993 470.406
1994 469.393
1995 470.725
1996 467.685
1997 472.361
1998 470.32
1999 472.997
2000 458.707
2001 473.847
2002 471.313
2003 473.903
2004 469.334
2005 475.644
2006 473.441
2007 475.123
2008 466.98
2009 476.471
2010 479.129
2011 473.976
2012 470.209
2013 471.947
2014 464.374
2015 460.507
2016 441.352
2017 471.215
2018 472.488
2019 481.329
2020 480.423
2021 487.014
2022 487.04
2023 489.718
2024 481.639
2025 489.883
2026 490.017
2027 491.5
2028 513.322
2029 517.672
2030 517.573
2031 493.997
2032 476.573
2033 492.234
2034 492.646
2035 498
2036 491.634
2037 493.216
2038 494.055
2039 494.339
2040 486.121
2041 496.686
2042 495.671
2043 498.106
2044 492.98
2045 525.785
2046 498.055
2047 498.776
2048 470.232
