1792 136.271
1793 138.785
1794 138.929
1795 140.587
1796 138.93
1797 139.455
1798 140.536
1799 140.32
1800 139.787
1801 139.662
1802 140.52
1803 139.26
1804 141.68
1805 141.088
1806 140.206
1807 139.629
1808 141
1809 140.447
1810 140.903
1811 141.055
1812 141.375
1813 141.393
1814 140.276
1815 140.74
1816 140.542
1817 142.079
1818 141.713
1819 141.973
1820 142.329
1821 141.675
1822 140.968
1823 141.013
1824 142.011
1825 143.841
1826 144.938
1827 144.662
1828 144.595
1829 145.204
1830 145.348
1831 145.319
1832 144.409
1833 144.501
1834 144.9
1835 145.923
1836 147.014
1837 146.592
1838 145.835
1839 145.698
1840 146.247
1841 145.626
1842 145.357
1843 147.626
1844 145.489
1845 146.626
1846 146.99
1847 146.675
1848 147.181
1849 147.59
1850 147.677
1851 147.809
1852 147.313
1853 146.904
1854 148.495
1855 148.039
1856 147.812
1857 152.293
1858 151.119
1859 150.662
1860 150.686
1861 151.008
1862 151
1863 151.921
1864 151.354
1865 151.165
1866 150.319
1867 151.921
1868 151.33
1869 151.937
1870 151.742
1871 152.218
1872 152.403
1873 151.829
1874 152.347
1875 152.53
1876 153.175
1877 151.981
1878 152.785
1879 152.664
1880 152.95
1881 152.027
1882 153.721
1883 152.851
1884 153.215
1885 154.692
1886 152.598
1887 153.642
1888 153.974
1889 156.24
1890 156.571
1891 156.536
1892 156.744
1893 155.86
1894 157.266
1895 157.014
1896 156.635
1897 157.101
1898 157.571
1899 157.45
1900 157.755
1901 156.834
1902 157.948
1903 157.129
1904 160.955
1905 158.338
1906 157.179
1907 157.795
1908 158.44
1909 160.066
1910 158.521
1911 160.027
1912 157.97
1913 159.195
1914 159.198
1915 158.769
1916 159.147
1917 158.73
1918 158.779
1919 159.431
1920 159.585
1921 161.761
1922 162.327
1923 163.854
1924 163.69
1925 161.861
1926 163.312
1927 163.993
1928 163.016
1929 162.239
1930 163.66
1931 162.778
1932 163.303
1933 164.149
1934 162.796
1935 164.934
1936 163.096
1937 166.557
1938 164.135
1939 164.425
1940 164.045
1941 163.602
1942 164.037
1943 164.947
1944 165.162
1945 164.887
1946 165.245
1947 166.366
1948 165.316
1949 164.852
1950 165.748
1951 166.517
1952 165.932
1953 168.922
1954 169.09
1955 168.102
1956 169.277
1957 170.325
1958 169.735
1959 170.503
1960 169.163
1961 169.719
1962 169.541
1963 168.854
1964 169.96
1965 170.585
1966 170.352
1967 170.673
1968 170.623
1969 170.731
1970 170.448
1971 171.245
1972 171.852
1973 169.958
1974 172.241
1975 171.141
1976 171.178
1977 172.208
1978 171.54
1979 172.272
1980 170.835
1981 171.081
1982 172.228
1983 172.298
1984 172.018
1985 174.942
1986 175.782
1987 175.394
1988 175.515
1989 174.846
1990 176.013
1991 176.034
1992 175.676
1993 175.467
1994 175.918
1995 175.231
1996 176.782
1997 175.531
1998 176.471
1999 175.995
2000 176.521
2001 176.802
2002 179.58
2003 176.376
2004 176.953
2005 176.374
2006 177.608
2007 177.649
2008 176.884
2009 178.105
2010 176.748
2011 178.333
2012 178.118
2013 178.158
2014 178.127
2015 177.478
2016 178.396
2017 180.619
2018 180.916
2019 182.192
2020 181.781
2021 181.926
2022 184.208
2023 182.726
2024 186.451
2025 182.681
2026 182.082
2027 182.831
2028 182.619
2029 182.901
2030 183.349
2031 183.119
2032 183.48
2033 182.291
2034 183.312
2035 184.462
2036 183.61
2037 183.047
2038 183.819
2039 184.269
2040 184.841
2041 184.53
2042 183.505
2043 185.15
2044 184.928
2045 184.134
2046 185.204
2047 185.255
2048 185.359
