1792 143.243
1793 147.488
1794 145.753
1795 145.969
1796 145.714
1797 146.053
1798 146.279
1799 146.57
1800 146.421
1801 147.729
1802 147.109
1803 146.928
1804 146.546
1805 147.176
1806 147.163
1807 147.573
1808 148.046
1809 147.529
1810 147.355
1811 147.231
1812 147.945
1813 147.727
1814 149.277
1815 148.174
1816 148.084
1817 148.27
1818 148.371
1819 148.907
1820 148.277
1821 148.973
1822 149.075
1823 149.367
1824 149.355
1825 152.538
1826 152.515
1827 152.172
1828 152.534
1829 151.873
1830 152.535
1831 155.275
1832 152.462
1833 153.094
1834 152.925
1835 153.456
1836 153.036
1837 153.23
1838 153.54
1839 153.917
1840 153.072
1841 153.487
1842 153.239
1843 153.549
1844 153.801
1845 153.994
1846 154.519
1847 154.343
1848 154.565
1849 154.84
1850 155.182
1851 154.778
1852 154.373
1853 155.62
1854 155.117
1855 155.397
1856 155.119
1857 158.312
1858 157.71
1859 159.282
1860 157.883
1861 158.733
1862 160.895
1863 159.818
1864 158.609
1865 159.315
1866 158.418
1867 159.635
1868 182.907
1869 158.719
1870 159.079
1871 159.704
1872 159.684
1873 182.016
1874 159.634
1875 159.376
1876 160.335
1877 160.181
1878 160.384
1879 160.391
1880 161.428
1881 160.548
1882 161.057
1883 160.461
1884 160.739
1885 160.425
1886 161.5
1887 161.396
1888 162.028
1889 164.445
1890 165.194
1891 165.627
1892 164.668
1893 165.206
1894 166.341
1895 165.211
1896 164.601
1897 166.857
1898 165.039
1899 165.452
1900 167.2
1901 165.281
1902 165.854
1903 166.15
1904 166.379
1905 166.253
1906 166.108
1907 166.505
1908 166.863
1909 167.206
1910 166.891
1911 167.514
1912 167.015
1913 168.084
1914 167.951
1915 167.081
1916 167.99
1917 167.008
1918 167.852
1919 170.246
1920 168.347
1921 170.27
1922 171.333
1923 172.957
1924 171.073
1925 172.469
1926 171.287
1927 171.857
1928 171.11
1929 172.331
1930 171.402
1931 171.651
1932 172.396
1933 172.212
1934 172.696
1935 176.431
1936 172.392
1937 172.934
1938 173.856
1939 173.08
1940 173.043
1941 172.979
1942 173.212
1943 173.487
1944 173.452
1945 173.808
1946 174.105
1947 173.26
1948 174.015
1949 174.057
1950 174.152
1951 175.285
1952 175.016
1953 177.809
1954 177.595
1955 177.971
1956 178.183
1957 178.409
1958 178.63
1959 178.622
1960 178.253
1961 178.471
1962 182.033
1963 178.226
1964 178.02
1965 182.438
1966 182.123
1967 179.232
1968 179.565
1969 180.704
1970 178.954
1971 180.013
1972 179.246
1973 179.923
1974 179.821
1975 180.224
1976 180.469
1977 180.745
1978 181.242
1979 180.101
1980 180.792
1981 181.555
1982 180.544
1983 181.538
1984 180.435
1985 184.138
1986 184.956
1987 185.262
1988 184.82
1989 185.128
1990 185.397
1991 185.193
1992 185.687
1993 185.624
1994 185.522
1995 187.993
1996 185.643
1997 186.597
1998 186.661
1999 186.461
2000 186.513
2001 186.18
2002 186.795
2003 186.002
2004 188.757
2005 186.752
2006 187.043
2007 187.539
2008 187.122
2009 186.767
2010 187.385
2011 188.119
2012 187.596
2013 189.45
2014 187.842
2015 188.251
2016 187.976
2017 192.522
2018 191.836
2019 194.389
2020 192.199
2021 192.164
2022 220.435
2023 191.812
2024 194.015
2025 192.162
2026 192.55
2027 192.987
2028 192.437
2029 192.544
2030 193.787
2031 192.918
2032 193.489
2033 193.686
2034 193.47
2035 195.276
2036 193.78
2037 194.27
2038 194.87
2039 194.824
2040 195.116
2041 194.422
2042 194.689
2043 194.626
2044 195.183
2045 194.624
2046 195.273
2047 195.263
2048 195.156
