1792 273.671
1793 283.575
1794 283.223
1795 283.626
1796 283.396
1797 284.028
1798 286.142
1799 284.107
1800 284.173
1801 285.289
1802 284.117
1803 285.162
1804 284.802
1805 285.117
1806 284.1
1807 284.954
1808 284.773
1809 284.942
1810 285.015
1811 285.16
1812 285.171
1813 285.362
1814 285.455
1815 285.529
1816 285.848
1817 286.129
1818 285.826
1819 286.156
1820 285.917
1821 286.939
1822 286.204
1823 286.527
1824 285.864
1825 297.068
1826 296.866
1827 296.449
1828 297.068
1829 298.994
1830 297.545
1831 297.884
1832 297.78
1833 297.212
1834 297.167
1835 298.028
1836 298.207
1837 297.537
1838 298.043
1839 302.539
1840 298.84
1841 298.429
1842 298.759
1843 298.211
1844 298.123
1845 298.854
1846 298.957
1847 299.525
1848 299.364
1849 299.355
1850 299.389
1851 299.576
1852 299.664
1853 299.946
1854 300.052
1855 300.119
1856 299.816
1857 310.695
1858 310.947
1859 311.396
1860 311.228
1861 311.203
1862 311.238
1863 312.457
1864 312.006
1865 313.17
1866 311.706
1867 311.669
1868 311.474
1869 312.187
1870 312.071
1871 314.76
1872 311.468
1873 312.318
1874 312.145
1875 311.975
1876 312.435
1877 312.582
1878 313.034
1879 312.599
1880 312.889
1881 313.281
1882 314.547
1883 313.518
1884 313.172
1885 313.673
1886 313.528
1887 314.143
1888 313.85
1889 324.313
1890 324.899
1891 325.474
1892 325.018
1893 325.637
1894 327.317
1895 325.94
1896 325.87
1897 327.148
1898 325.402
1899 326.38
1900 326.256
1901 331.327
1902 325.98
1903 326.209
1904 326.488
1905 327.04
1906 326.609
1907 327.353
1908 327.249
1909 326.519
1910 327.85
1911 327.935
1912 326.693
1913 327.822
1914 327.535
1915 327.257
1916 327.698
1917 351.411
1918 328.097
1919 327.884
1920 329.577
1921 339.947
1922 339.309
1923 340.84
1924 339.895
1925 340.368
1926 340.235
1927 341.732
1928 340.773
1929 339.984
1930 340.502
1931 340.94
1932 342.399
1933 341.142
1934 342.433
1935 341.372
1936 340.68
1937 341.844
1938 341.386
1939 341.89
1940 341.537
1941 341.217
1942 343.004
1943 342.192
1944 342.147
1945 344.132
1946 341.712
1947 342.969
1948 342.561
1949 342.79
1950 343.316
1951 342.95
1952 343.162
1953 353.921
1954 354.84
1955 355.445
1956 355.048
1957 356.436
1958 355.397
1959 355.112
1960 355.227
1961 354.993
1962 355.694
1963 356.061
1964 355.556
1965 357.369
1966 355.949
1967 356.669
1968 355.677
1969 356.781
1970 355.81
1971 356.861
1972 356.152
1973 356.296
1974 357.797
1975 357.235
1976 357.346
1977 357.353
1978 357.609
1979 357.597
1980 357.32
1981 357.139
1982 358.111
1983 359.626
1984 360.665
1985 372.146
1986 371.711
1987 372.783
1988 372.734
1989 372.615
1990 372.223
1991 374.06
1992 372.914
1993 375.277
1994 372.743
1995 373.497
1996 373.673
1997 373.004
1998 373.682
1999 374.363
2000 373.357
2001 374.305
2002 374.09
2003 374.291
2004 374.738
2005 374.851
2006 375.675
2007 375.225
2008 375.134
2009 375.243
2010 374.869
2011 374.781
2012 376.499
2013 375.688
2014 375.561
2015 377.584
2016 375.499
2017 385.745
2018 386.513
2019 386.675
2020 386.182
2021 387.739
2022 391.177
2023 387.852
2024 387.216
2025 387.262
2026 387.522
2027 388.042
2028 387.496
2029 387.525
2030 387.989
2031 388.284
2032 387.876
2033 388.015
2034 388.928
2035 388.273
2036 388.056
2037 389.46
2038 390.46
2039 389.323
2040 389.301
2041 388.738
2042 389.377
2043 389.716
2044 389.021
2045 388.863
2046 389.919
2047 390.122
2048 389.64
