1792 132.118
1793 134.229
1794 134.139
1795 133.301
1796 135.347
1797 135.067
1798 134.491
1799 135.64
1800 133.914
1801 135.08
1802 133.833
1803 135.154
1804 134.502
1805 134.346
1806 135.551
1807 133.897
1808 135.943
1809 136.143
1810 137.65
1811 136.684
1812 137.562
1813 135.842
1814 135.85
1815 135.691
1816 138.815
1817 136.253
1818 135.933
1819 137.56
1820 136.321
1821 137.902
1822 136.878
1823 138.982
1824 138.919
1825 138.438
1826 139.024
1827 143.542
1828 139.224
1829 140.429
1830 140.524
1831 140.894
1832 140.954
1833 139.787
1834 140.804
1835 147.312
1836 140.616
1837 141.135
1838 139.926
1839 144.653
1840 139.67
1841 140.341
1842 142.427
1843 140.216
1844 143.989
1845 141.119
1846 143.79
1847 143.358
1848 143.281
1849 143.415
1850 142.823
1851 144.051
1852 142.856
1853 143.796
1854 144.841
1855 141.866
1856 143.02
1857 144.681
1858 145.214
1859 144.389
1860 144.808
1861 144.675
1862 140.814
1863 148.141
1864 146.635
1865 146.003
1866 146.704
1867 147.997
1868 145.851
1869 145.694
1870 152.64
1871 148.007
1872 146.386
1873 146.23
1874 146.598
1875 146.261
1876 146.713
1877 147.248
1878 146.912
1879 148.907
1880 147.532
1881 146.903
1882 149.406
1883 152.027
1884 148.209
1885 149.07
1886 146.957
1887 149
1888 148.014
1889 154.755
1890 152.252
1891 150.371
1892 151.2
1893 150.846
1894 150.94
1895 150.551
1896 150.571
1897 151.427
1898 152.22
1899 152.263
1900 151.415
1901 152.164
1902 153.712
1903 151.37
1904 155.142
1905 152.91
1906 154.371
1907 152.917
1908 151.196
1909 153.236
1910 153.482
1911 152.003
1912 153.559
1913 153.858
1914 175.573
1915 155.061
1916 153.255
1917 153.747
1918 153.29
1919 153.698
1920 153.636
1921 156.65
1922 155.616
1923 156.597
1924 155.801
1925 157.284
1926 157.83
1927 158.049
1928 162.303
1929 159.141
1930 156.486
1931 157.997
1932 159.561
1933 158.9
1934 158.663
1935 159.704
1936 157.962
1937 157.257
1938 157.136
1939 158.999
1940 159.368
1941 157.916
1942 159.942
1943 162.787
1944 158.649
1945 159.908
1946 158.972
1947 161.3
1948 160.493
1949 160.074
1950 160.165
1951 162.402
1952 159.488
1953 179.651
1954 162.889
1955 163.391
1956 162.088
1957 186.605
1958 165.195
1959 164.587
1960 162.806
1961 163.641
1962 164.774
1963 165.65
1964 164.863
1965 163.281
1966 162.899
1967 164.61
1968 163.002
1969 165.626
1970 164.463
1971 164.649
1972 164.736
1973 214.031
1974 165.5
1975 159.01
1976 157.204
1977 161.301
1978 160.904
1979 159.275
1980 159.083
1981 158.982
1982 160.626
1983 167.919
1984 168.626
1985 170.479
1986 170.316
1987 170.041
1988 198.071
1989 172.434
1990 171.569
1991 171.692
1992 172
1993 171.693
1994 170.544
1995 172.15
1996 172.337
1997 171.435
1998 173.119
1999 172.194
2000 172.911
2001 172.546
2002 172.768
2003 173.895
2004 172.002
2005 195.951
2006 189.974
2007 195.084
2008 162.358
2009 164.475
2010 174.855
2011 174.316
2012 173.256
2013 173.752
2014 173.866
2015 173.941
2016 174.107
2017 176.741
2018 177.102
2019 178.199
2020 177.376
2021 176.268
2022 177.353
2023 177.98
2024 177.187
2025 178.351
2026 179.468
2027 178.582
2028 178.066
2029 178.271
2030 178.878
2031 178.895
2032 177.721
2033 178.945
2034 179.233
2035 178.077
2036 178.53
2037 180.34
2038 178.564
2039 180.089
2040 179.936
2041 181.676
2042 179.846
2043 180.22
2044 179.092
2045 180.153
2046 180.627
2047 180.819
2048 180.823
