1792 328.993
1793 335.982
1794 337.35
1795 336.608
1796 338.012
1797 337.568
1798 337.989
1799 338.028
1800 339.027
1801 338.564
1802 338.825
1803 340.023
1804 338.999
1805 339.523
1806 339.594
1807 341.175
1808 339.794
1809 340.953
1810 340.758
1811 341.091
1812 342.118
1813 341.411
1814 342.311
1815 342.077
1816 342.691
1817 346.591
1818 342.967
1819 343.042
1820 344.602
1821 343.846
1822 343.948
1823 344.493
1824 344.53
1825 351.638
1826 353.063
1827 353.039
1828 352.454
1829 353.669
1830 353.074
1831 354.117
1832 353.996
1833 354.496
1834 355.153
1835 354.826
1836 354.903
1837 355.05
1838 355.98
1839 355.45
1840 355.821
1841 356.052
1842 356.198
1843 357.349
1844 356.551
1845 357.089
1846 358.529
1847 357.849
1848 358.717
1849 358.227
1850 358.736
1851 360.114
1852 361.211
1853 360.397
1854 360.222
1855 363.157
1856 361.029
1857 368.759
1858 370.033
1859 369.223
1860 370.483
1861 369.965
1862 371.139
1863 371.867
1864 371.127
1865 371.308
1866 371.652
1867 371.823
1868 372.31
1869 372.05
1870 372.565
1871 372.645
1872 373.97
1873 373.47
1874 373.304
1875 373.591
1876 374.607
1877 375.95
1878 374.351
1879 374.894
1880 374.971
1881 376.496
1882 375.973
1883 377.452
1884 377.331
1885 380.162
1886 377.128
1887 377.358
1888 377.94
1889 385.715
1890 385.866
1891 387.676
1892 386.868
1893 387.272
1894 387.374
1895 387.729
1896 388.004
1897 388.335
1898 388.731
1899 388.997
1900 390.244
1901 390.448
1902 389.925
1903 390.62
1904 391.576
1905 391.78
1906 390.998
1907 392.127
1908 391.646
1909 393.105
1910 392.202
1911 393.127
1912 392.451
1913 392.55
1914 393.856
1915 394.303
1916 394.16
1917 394.617
1918 394.93
1919 395.695
1920 395.975
1921 404.985
1922 405.61
1923 405.581
1924 405.198
1925 405.926
1926 405.798
1927 406.313
1928 406.84
1929 406.373
1930 406.774
1931 407.488
1932 406.871
1933 408.671
1934 407.891
1935 408.068
1936 407.912
1937 408.994
1938 409.372
1939 409.979
1940 409.345
1941 409.592
1942 410.84
1943 411.142
1944 412.014
1945 410.791
1946 412.214
1947 411.601
1948 413.113
1949 412.349
1950 412.534
1951 414.591
1952 413.523
1953 422.27
1954 423.787
1955 422.552
1956 424.856
1957 424.644
1958 427.49
1959 424.82
1960 424.535
1961 424.884
1962 425.648
1963 425.088
1964 425.661
1965 425.213
1966 427.868
1967 427.064
1968 426.158
1969 426.853
1970 428.725
1971 428.552
1972 428.103
1973 427.738
1974 428.378
1975 428.508
1976 429.402
1977 430.007
1978 429.772
1979 430.25
1980 432.04
1981 431.303
1982 431.598
1983 433.361
1984 457.244
1985 443.913
1986 443.996
1987 443.573
1988 444.099
1989 445.707
1990 443.643
1991 444.373
1992 446.617
1993 447.516
1994 446.419
1995 445.813
1996 447.228
1997 446.282
1998 445.785
1999 446.226
2000 446.408
2001 446.203
2002 447.757
2003 449.007
2004 447.968
2005 449.081
2006 448.755
2007 450.315
2008 449.36
2009 449.998
2010 449.723
2011 449.903
2012 450.597
2013 452.979
2014 451.706
2015 452.703
2016 451.985
2017 460.318
2018 461.447
2019 462.124
2020 462.426
2021 461.429
2022 461.754
2023 464.155
2024 463.378
2025 464.755
2026 463.976
2027 463.16
2028 465.332
2029 464.04
2030 464.003
2031 467.222
2032 465.956
2033 466.195
2034 465.434
2035 467.029
2036 471.646
2037 466.782
2038 466.641
2039 467.428
2040 468.709
2041 469.816
2042 471.018
2043 470.692
2044 470.146
2045 471.336
2046 470.169
2047 470.888
2048 472.484
