1792 301.553
1793 308.015
1794 307.278
1795 307.821
1796 308.332
1797 307.827
1798 307.912
1799 308.622
1800 308.074
1801 311.803
1802 311.433
1803 310.67
1804 309.419
1805 311.307
1806 310.732
1807 312.242
1808 311.156
1809 313.238
1810 312.658
1811 312.724
1812 314.08
1813 313.568
1814 313.864
1815 314.985
1816 313.823
1817 314.627
1818 315.971
1819 315.172
1820 315.446
1821 316.93
1822 316.443
1823 337.701
1824 319.254
1825 321.94
1826 323.375
1827 323.649
1828 324.504
1829 323.888
1830 322.779
1831 323.739
1832 325.08
1833 323.97
1834 324.654
1835 325.593
1836 325.693
1837 326.467
1838 326.276
1839 326.107
1840 326.655
1841 327.84
1842 328.27
1843 327.499
1844 327.694
1845 329.667
1846 329.91
1847 330.26
1848 329.587
1849 329.473
1850 330.261
1851 330.846
1852 332.382
1853 331.546
1854 331.135
1855 333.817
1856 334.914
1857 338.877
1858 337.714
1859 338.45
1860 337.904
1861 339.983
1862 339.392
1863 339.8
1864 339.164
1865 339.317
1866 340.05
1867 340.259
1868 340.727
1869 363.972
1870 341.481
1871 343.567
1872 342.353
1873 343.45
1874 344.228
1875 344.128
1876 345.339
1877 344.041
1878 345.952
1879 345.583
1880 344.976
1881 348.245
1882 346.076
1883 346.884
1884 346.567
1885 347.63
1886 347.684
1887 347.907
1888 348.23
1889 354.135
1890 353.767
1891 354.889
1892 353.82
1893 355.674
1894 354.335
1895 355.46
1896 355.11
1897 355.924
1898 355.995
1899 356.57
1900 356.68
1901 357.665
1902 357.222
1903 358.743
1904 358.192
1905 360.912
1906 359.166
1907 360.012
1908 361.105
1909 360.559
1910 360.609
1911 361.402
1912 361.566
1913 363.098
1914 361.698
1915 362.379
1916 363.145
1917 363.145
1918 364.548
1919 363.408
1920 364.245
1921 369.542
1922 369.476
1923 370.671
1924 370.19
1925 370.905
1926 371.22
1927 371.236
1928 371.67
1929 373.197
1930 375.712
1931 399.359
1932 373.531
1933 375.121
1934 375.023
1935 375.293
1936 374.548
1937 375.68
1938 376.267
1939 375.875
1940 377.332
1941 377.257
1942 377.393
1943 378.515
1944 380.738
1945 377.949
1946 379.992
1947 379.612
1948 379.357
1949 381.536
1950 380.113
1951 380.205
1952 381.023
1953 387.846
1954 386.129
1955 386.903
1956 388.064
1957 387.514
1958 388.324
1959 388.883
1960 388.897
1961 389.956
1962 389.4
1963 389.522
1964 389.974
1965 392.113
1966 392.245
1967 391.89
1968 391.609
1969 392.568
1970 392.849
1971 393.336
1972 393.249
1973 394.35
1974 394.279
1975 397.626
1976 395.116
1977 395.425
1978 396.546
1979 396.635
1980 396.536
1981 396.807
1982 398.063
1983 406.303
1984 398.61
1985 406.647
1986 405.125
1987 404.984
1988 407.089
1989 405.227
1990 405.341
1991 405.651
1992 405.761
1993 407.87
1994 407.178
1995 407.555
1996 408.031
1997 409.02
1998 408.283
1999 410.703
2000 408.669
2001 411.181
2002 409.845
2003 412.515
2004 411.183
2005 412.389
2006 412.716
2007 412.545
2008 414.011
2009 440.009
2010 413.832
2011 414.195
2012 415.611
2013 414.724
2014 415.484
2015 415.634
2016 415.436
2017 422.285
2018 422.441
2019 422.78
2020 423.184
2021 423.693
2022 423.158
2023 425.265
2024 424.157
2025 424.853
2026 425.595
2027 425.666
2028 425.63
2029 426.767
2030 426.57
2031 426.611
2032 427.085
2033 428.982
2034 428.925
2035 429.232
2036 429.483
2037 431.081
2038 429.826
2039 430.391
2040 433.299
2041 431.271
2042 433.109
2043 431.741
2044 433.744
2045 433.627
2046 433.521
2047 436.108
2048 434.457
